

###############################################
	IT: 0
	B: [[1. 0. 0. 0. 0. 0.]
 [0. 1. 0. 0. 0. 0.]
 [0. 0. 1. 0. 0. 0.]
 [0. 0. 0. 1. 0. 0.]
 [0. 0. 0. 0. 1. 0.]
 [0. 0. 0. 0. 0. 1.]]
	shape B: (6, 6)
	shape phi_m: (1, 6)
	shape fgf: (1, 6)
	denm: 183819.17425000027
	mult1: [[-2.21112500e+01 -9.83725000e+01  2.13607500e+02  0.00000000e+00
   1.65412813e+03  5.55849750e+03]
 [-1.22496325e+02 -5.44983650e+02  1.18338555e+03  0.00000000e+00
   9.16386981e+03  3.07940762e+04]
 [-6.87776250e+01 -3.05990250e+02  6.64431750e+02  0.00000000e+00
   5.14520906e+03  1.72898528e+04]
 [ 0.00000000e+00  0.00000000e+00  0.00000000e+00  0.00000000e+00
   0.00000000e+00  0.00000000e+00]
 [-1.86665500e+02 -8.30471000e+02  1.80329700e+03  0.00000000e+00
   1.39643238e+04  4.69254210e+04]
 [-6.75277575e+02 -3.00429615e+03  6.52357305e+03  0.00000000e+00
   5.05170729e+04  1.69756514e+05]]
	mult2: [[-2.21112500e+01 -9.83725000e+01  2.13607500e+02  0.00000000e+00
   1.65412813e+03  5.55849750e+03]
 [-1.22496325e+02 -5.44983650e+02  1.18338555e+03  0.00000000e+00
   9.16386981e+03  3.07940762e+04]
 [-6.87776250e+01 -3.05990250e+02  6.64431750e+02  0.00000000e+00
   5.14520906e+03  1.72898528e+04]
 [ 0.00000000e+00  0.00000000e+00  0.00000000e+00  0.00000000e+00
   0.00000000e+00  0.00000000e+00]
 [-1.86665500e+02 -8.30471000e+02  1.80329700e+03  0.00000000e+00
   1.39643238e+04  4.69254210e+04]
 [-6.75277575e+02 -3.00429615e+03  6.52357305e+03  0.00000000e+00
   5.05170729e+04  1.69756514e+05]]
	mult: [[-2.21112500e+01 -9.83725000e+01  2.13607500e+02  0.00000000e+00
   1.65412813e+03  5.55849750e+03]
 [-1.22496325e+02 -5.44983650e+02  1.18338555e+03  0.00000000e+00
   9.16386981e+03  3.07940762e+04]
 [-6.87776250e+01 -3.05990250e+02  6.64431750e+02  0.00000000e+00
   5.14520906e+03  1.72898528e+04]
 [ 0.00000000e+00  0.00000000e+00  0.00000000e+00  0.00000000e+00
   0.00000000e+00  0.00000000e+00]
 [-1.86665500e+02 -8.30471000e+02  1.80329700e+03  0.00000000e+00
   1.39643238e+04  4.69254210e+04]
 [-6.75277575e+02 -3.00429615e+03  6.52357305e+03  0.00000000e+00
   5.05170729e+04  1.69756514e+05]], shape (6, 6)
	após atualizar B: [[ 1.00012029e+00  5.35159079e-04 -1.16205233e-03  0.00000000e+00
  -8.99867020e-03 -3.02389428e-02]
 [ 6.66395796e-04  1.00296478e+00 -6.43776992e-03  0.00000000e+00
  -4.98526329e-02 -1.67523743e-01]
 [ 3.74159145e-04  1.66462640e-03  9.96385406e-01  0.00000000e+00
  -2.79906005e-02 -9.40590274e-02]
 [ 0.00000000e+00  0.00000000e+00  0.00000000e+00  1.00000000e+00
   0.00000000e+00  0.00000000e+00]
 [ 1.01548438e-03  4.51786928e-03 -9.81016810e-03  0.00000000e+00
   9.24032279e-01 -2.55280338e-01]
 [ 3.67359704e-03  1.63437583e-02 -3.54890782e-02  0.00000000e+00
  -2.74819388e-01  7.65026862e-02]]


###############################################
	IT: 1
	B: [[ 1.00012029e+00  5.35159079e-04 -1.16205233e-03  0.00000000e+00
  -8.99867020e-03 -3.02389428e-02]
 [ 6.66395796e-04  1.00296478e+00 -6.43776992e-03  0.00000000e+00
  -4.98526329e-02 -1.67523743e-01]
 [ 3.74159145e-04  1.66462640e-03  9.96385406e-01  0.00000000e+00
  -2.79906005e-02 -9.40590274e-02]
 [ 0.00000000e+00  0.00000000e+00  0.00000000e+00  1.00000000e+00
   0.00000000e+00  0.00000000e+00]
 [ 1.01548438e-03  4.51786928e-03 -9.81016810e-03  0.00000000e+00
   9.24032279e-01 -2.55280338e-01]
 [ 3.67359704e-03  1.63437583e-02 -3.54890782e-02  0.00000000e+00
  -2.74819388e-01  7.65026862e-02]]
	shape B: (6, 6)
	shape phi_m: (1, 6)
	shape fgf: (1, 6)
	denm: 658.804028808541
	mult1: [[ 4.79146275e+02  2.66499225e+02  7.17641400e+02  0.00000000e+00
  -1.26575625e+01  2.17047279e+04]
 [ 2.64939705e+03  1.47358395e+03  3.96813480e+03  0.00000000e+00
  -6.99888750e+01  1.20014378e+05]
 [ 1.43101065e+03  7.95922350e+02  2.14329640e+03  0.00000000e+00
  -3.78028750e+01  6.48229954e+04]
 [ 0.00000000e+00  0.00000000e+00  0.00000000e+00  0.00000000e+00
   0.00000000e+00  0.00000000e+00]
 [ 3.65787881e+03  2.03449744e+03  5.47858850e+03  0.00000000e+00
  -9.66298438e+01  1.65697342e+05]
 [ 1.33221455e+04  7.40972355e+03  1.99532452e+04  0.00000000e+00
  -3.51929875e+02  6.03476552e+05]]
	mult2: [[ 4.31952106e+01  2.40250019e+01  6.46956327e+01  0.00000000e+00
  -1.14108385e+00  1.95668910e+03]
 [ 2.34228153e+02  1.30276754e+02  3.50815249e+02  0.00000000e+00
  -6.18758330e+00  1.06102428e+04]
 [ 7.49733918e+01  4.16998980e+01  1.12291408e+02  0.00000000e+00
  -1.98056510e+00  3.39620102e+03]
 [ 0.00000000e+00  0.00000000e+00  0.00000000e+00  0.00000000e+00
   0.00000000e+00  0.00000000e+00]
 [-2.24659628e+01 -1.24954779e+01 -3.36483989e+01  0.00000000e+00
   5.93481247e-01 -1.01768006e+03]
 [ 8.19994294e+00  4.56077518e+00  1.22814657e+01  0.00000000e+00
  -2.16617129e-01  3.71447175e+02]]
	mult: [[ 5.04275516e+01  5.62015395e+01 -5.17297651e+00  0.00000000e+00
  -5.42187777e+02  1.38567124e+02]
 [ 2.73445878e+02  3.04755611e+02 -2.80507195e+01  0.00000000e+00
  -2.94003988e+03  7.51387044e+02]
 [ 8.75264764e+01  9.75483156e+01 -8.97867122e+00  0.00000000e+00
  -9.41068606e+02  2.40509240e+02]
 [ 0.00000000e+00  0.00000000e+00  0.00000000e+00  0.00000000e+00
   0.00000000e+00  0.00000000e+00]
 [-2.62275258e+01 -2.92305948e+01  2.69048111e+00  0.00000000e+00
   2.81993542e+02 -7.20691905e+01]
 [ 9.57289108e+00  1.06689934e+01 -9.82009617e-01  0.00000000e+00
  -1.02925967e+02  2.63048263e+01]], shape (6, 6)
	após atualizar B: [[ 9.23576203e-01 -8.47732741e-02  6.69001943e-03  0.00000000e+00
   8.13989280e-01 -2.40570268e-01]
 [-4.14397669e-01  5.40375608e-01  3.61404752e-02  0.00000000e+00
   4.41283999e+00 -1.30805569e+00]
 [-1.32482461e-01 -1.46404164e-01  1.01001415e+00  0.00000000e+00
   1.40045939e+00 -4.59128502e-01]
 [ 0.00000000e+00  0.00000000e+00  0.00000000e+00  1.00000000e+00
   0.00000000e+00  0.00000000e+00]
 [ 4.08263001e-02  4.88870496e-02 -1.38940549e-02  0.00000000e+00
   4.95993697e-01 -1.45886365e-01]
 [-1.08571142e-02  1.49271085e-04 -3.39984838e-02  0.00000000e+00
  -1.18587849e-01  3.65745358e-02]]


###############################################
	IT: 2
	B: [[ 9.23576203e-01 -8.47732741e-02  6.69001943e-03  0.00000000e+00
   8.13989280e-01 -2.40570268e-01]
 [-4.14397669e-01  5.40375608e-01  3.61404752e-02  0.00000000e+00
   4.41283999e+00 -1.30805569e+00]
 [-1.32482461e-01 -1.46404164e-01  1.01001415e+00  0.00000000e+00
   1.40045939e+00 -4.59128502e-01]
 [ 0.00000000e+00  0.00000000e+00  0.00000000e+00  1.00000000e+00
   0.00000000e+00  0.00000000e+00]
 [ 4.08263001e-02  4.88870496e-02 -1.38940549e-02  0.00000000e+00
   4.95993697e-01 -1.45886365e-01]
 [-1.08571142e-02  1.49271085e-04 -3.39984838e-02  0.00000000e+00
  -1.18587849e-01  3.65745358e-02]]
	shape B: (6, 6)
	shape phi_m: (1, 6)
	shape fgf: (1, 6)
	denm: -8357.102436727828
	mult1: [[ 1.51710250e+01 -7.75942425e+02  2.05344400e+02  0.00000000e+00
   1.22531831e+03 -8.18495300e+02]
 [ 1.03236975e+02 -5.28019358e+03  1.39734360e+03  0.00000000e+00
   8.33814169e+03 -5.56976070e+03]
 [ 5.11024000e+01 -2.61370080e+03  6.91686400e+02  0.00000000e+00
   4.12738800e+03 -2.75703680e+03]
 [ 0.00000000e+00  0.00000000e+00  0.00000000e+00  0.00000000e+00
   0.00000000e+00  0.00000000e+00]
 [ 1.45624312e+02 -7.44815081e+03  1.97106900e+03  0.00000000e+00
   1.17616402e+04 -7.85660925e+03]
 [ 3.53743900e+02 -1.80927063e+04  4.78803040e+03  0.00000000e+00
   2.85708368e+04 -1.90849148e+04]]
	mult2: [[ 3.90381018e+01 -1.99665609e+03  5.28392485e+02  0.00000000e+00
   3.15299072e+03 -2.10615320e+03]
 [ 2.31246838e+02 -1.18274297e+04  3.12999571e+03  0.00000000e+00
   1.86771154e+04 -1.24760489e+04]
 [ 7.60169578e+01 -3.88798928e+03  1.02891246e+03  0.00000000e+00
   6.13966231e+03 -4.10120758e+03]
 [ 0.00000000e+00  0.00000000e+00  0.00000000e+00  0.00000000e+00
   0.00000000e+00  0.00000000e+00]
 [ 2.55786379e+01 -1.30825375e+03  3.46214580e+02  0.00000000e+00
   2.06591008e+03 -1.37999871e+03]
 [-6.21796238e+00  3.18026027e+02 -8.41619966e+01  0.00000000e+00
  -5.02206223e+02  3.35466653e+02]]
	mult: [[   945.05324389  -1005.78646858    489.58314099      0.
   -6225.52730628   1822.73597512]
 [  5598.13525401  -5957.89573149   2900.10394553      0.
  -36877.6511943   10797.19326617]
 [  1840.25526777  -1958.51806133    953.34094671      0.
  -12122.6602778    3549.32328065]
 [     0.              0.              0.              0.
       0.              0.        ]
 [   619.22003319   -659.01380106    320.78582955      0.
   -4079.10480192   1194.29739891]
 [  -150.52743961    160.20098645    -77.98047059      0.
     991.59776629   -290.32414967]], shape (6, 6)
	após atualizar B: [[ 1.03666004e+00 -2.05124374e-01  6.52729008e-02  0.00000000e+00
   6.90507852e-02 -2.24640534e-02]
 [ 2.55467909e-01 -1.72538440e-01  3.83163139e-01  0.00000000e+00
   1.08245594e-04 -1.60776009e-02]
 [ 8.77200893e-02 -3.80757886e-01  1.12408969e+00  0.00000000e+00
  -5.01223644e-02 -3.44210977e-02]
 [ 0.00000000e+00  0.00000000e+00  0.00000000e+00  1.00000000e+00
   0.00000000e+00  0.00000000e+00]
 [ 1.14921363e-01 -2.99696840e-02  2.44907599e-02  0.00000000e+00
   7.89332581e-03 -2.97829252e-03]
 [-2.88690316e-02  1.93187126e-02 -4.33295254e-02  0.00000000e+00
   6.54492968e-05  1.83472595e-03]]


###############################################
	IT: 3
	B: [[ 1.03666004e+00 -2.05124374e-01  6.52729008e-02  0.00000000e+00
   6.90507852e-02 -2.24640534e-02]
 [ 2.55467909e-01 -1.72538440e-01  3.83163139e-01  0.00000000e+00
   1.08245594e-04 -1.60776009e-02]
 [ 8.77200893e-02 -3.80757886e-01  1.12408969e+00  0.00000000e+00
  -5.01223644e-02 -3.44210977e-02]
 [ 0.00000000e+00  0.00000000e+00  0.00000000e+00  1.00000000e+00
   0.00000000e+00  0.00000000e+00]
 [ 1.14921363e-01 -2.99696840e-02  2.44907599e-02  0.00000000e+00
   7.89332581e-03 -2.97829252e-03]
 [-2.88690316e-02  1.93187126e-02 -4.33295254e-02  0.00000000e+00
   6.54492968e-05  1.83472595e-03]]
	shape B: (6, 6)
	shape phi_m: (1, 6)
	shape fgf: (1, 6)
	denm: 265.95331610051295
	mult1: [[-5.70948575e+02 -1.49971133e+03 -6.99252309e+02 -5.60476867e+03
  -1.95236875e+01 -1.79872853e+04]
 [-4.21944922e+03 -1.10832325e+04 -5.16764512e+03 -4.14206075e+04
  -1.44284812e+02 -1.32930425e+05]
 [-1.86456120e+03 -4.89764520e+03 -2.28356595e+03 -1.83036348e+04
  -6.37590000e+01 -5.87415324e+04]
 [ 0.00000000e+00  0.00000000e+00  0.00000000e+00  0.00000000e+00
   0.00000000e+00  0.00000000e+00]
 [-5.07000869e+03 -1.33173981e+04 -6.20934255e+03 -4.97702019e+04
  -1.73369844e+02 -1.59726631e+05]
 [-1.37584681e+04 -3.61393851e+04 -1.68502752e+04 -1.35061255e+05
  -4.70473250e+02 -4.33449704e+05]]
	mult2: [[ 1.10909868e+02  2.91327086e+02  1.35833566e+02  1.08875682e+03
   3.79258255e+00  3.49412805e+03]
 [ 8.83813812e+01  2.32151483e+02  1.08242472e+02  8.67603876e+02
   3.02221696e+00  2.78438582e+03]
 [ 1.88273290e+02  4.94537682e+02  2.30582120e+02  1.84820189e+03
   6.43803844e+00  5.93140174e+03]
 [ 0.00000000e+00  0.00000000e+00  0.00000000e+00  0.00000000e+00
   0.00000000e+00  0.00000000e+00]
 [ 1.61343631e+01  4.23801514e+01  1.97600820e+01  1.58384444e+02
   5.51717399e-01  5.08300405e+02]
 [-9.81588956e+00 -2.57834092e+01 -1.20217192e+01 -9.63585737e+01
  -3.35656080e-01 -3.09241871e+02]]
	mult: [[ 1.00879638e+02 -5.73467467e+01  1.20248294e+02  1.08875682e+03
   1.14027313e+00 -5.45139429e+00]
 [ 8.03885346e+01 -4.56982303e+01  9.58229461e+01  8.67603876e+02
   9.08655975e-01 -4.34408377e+00]
 [ 1.71246632e+02 -9.73480617e+01  2.04125587e+02  1.84820189e+03
   1.93565259e+00 -9.25392804e+00]
 [ 0.00000000e+00  0.00000000e+00  0.00000000e+00  0.00000000e+00
   0.00000000e+00  0.00000000e+00]
 [ 1.46752380e+01 -8.34238875e+00  1.74928496e+01  1.58384444e+02
   1.65878664e-01 -7.93029300e-01]
 [-8.92818111e+00  5.07537646e+00 -1.06423711e+01 -9.63585737e+01
  -1.00917938e-01  4.82466397e-01]], shape (6, 6)
	após atualizar B: [[ 6.57346713e-01  1.05027430e-02 -3.86867706e-01 -4.09378921e+00
   6.47632916e-02 -1.96649249e-03]
 [-4.67976755e-02 -7.10425656e-04  2.28632654e-02 -3.26224124e+00
  -3.30835394e-03  2.56407738e-04]
 [-5.56177248e-01 -1.47234888e-02  3.56565559e-01 -6.94934704e+00
  -5.74005312e-02  3.74212211e-04]
 [ 0.00000000e+00  0.00000000e+00  0.00000000e+00  1.00000000e+00
   0.00000000e+00  0.00000000e+00]
 [ 5.97416113e-02  1.39818485e-03 -4.12833760e-02 -5.95534761e-01
   7.26961235e-03  3.54395735e-06]
 [ 4.70145073e-03  2.35000703e-04 -3.31358855e-03  3.62313864e-01
   4.44906635e-04  2.06241217e-05]]


###############################################
	IT: 4
	B: [[ 6.57346713e-01  1.05027430e-02 -3.86867706e-01 -4.09378921e+00
   6.47632916e-02 -1.96649249e-03]
 [-4.67976755e-02 -7.10425656e-04  2.28632654e-02 -3.26224124e+00
  -3.30835394e-03  2.56407738e-04]
 [-5.56177248e-01 -1.47234888e-02  3.56565559e-01 -6.94934704e+00
  -5.74005312e-02  3.74212211e-04]
 [ 0.00000000e+00  0.00000000e+00  0.00000000e+00  1.00000000e+00
   0.00000000e+00  0.00000000e+00]
 [ 5.97416113e-02  1.39818485e-03 -4.12833760e-02 -5.95534761e-01
   7.26961235e-03  3.54395735e-06]
 [ 4.70145073e-03  2.35000703e-04 -3.31358855e-03  3.62313864e-01
   4.44906635e-04  2.06241217e-05]]
	shape B: (6, 6)
	shape phi_m: (1, 6)
	shape fgf: (1, 6)
	denm: 35971.970212981236
	mult1: [[-7.85526975e+02 -3.02996325e+03 -9.76693397e+02  2.52325462e+03
  -5.14154250e+02 -2.57166202e+04]
 [-4.78206773e+03 -1.84455658e+04 -5.94583524e+03  1.53608659e+04
  -3.13002675e+03 -1.56555565e+05]
 [-2.12692490e+03 -8.20405216e+03 -2.64453490e+03  6.83206720e+03
  -1.39214503e+03 -6.96313703e+04]
 [-2.10851978e+03 -8.13305925e+03 -2.62165070e+03  6.77294662e+03
  -1.38009825e+03 -6.90288226e+04]
 [-5.07546169e+03 -1.95772556e+04 -6.31062977e+03  1.63033003e+04
  -3.32206313e+03 -1.66160711e+05]
 [-2.05201696e+04 -7.91511453e+04 -2.55139731e+04  6.59144936e+04
  -1.34311523e+04 -6.71790306e+05]]
	mult2: [[  8599.73481806  33171.21026743  10692.57260284 -27623.9026081
    5628.82032864 281538.53522564]
 [  6881.55975093  26543.80283758   8556.26118878 -22104.81373825
    4504.21602972 225288.83661347]
 [ 14685.40375284  56645.07406955  18259.25440159 -47172.17119034
    9612.09862015 480771.45973018]
 [ -2108.519775    -8133.05925     -2621.65069688   6772.946625
   -1380.09825    -69028.822575  ]
 [  1252.91923628   4832.80569857   1557.83058233  -4024.60304779
     820.07845783  41018.13067524]
 [  -764.39641651  -2948.45769039   -950.42049014   2455.37945185
    -500.32357734 -25024.84692708]]
	mult: [[-1.86379373e+02 -1.66449624e+01  7.87660576e+01 -1.46695136e+05
  -3.76613066e-01  1.42176560e+00]
 [-1.49141900e+02 -1.33193995e+01  6.30290751e+01 -1.17386334e+05
  -3.01368050e-01  1.13770542e+00]
 [-3.18272179e+02 -2.84238989e+01  1.34505468e+02 -2.50505084e+05
  -6.43126218e-01  2.42788903e+00]
 [ 4.56972919e+01  4.08108309e+00 -1.93121990e+01  3.59673410e+04
   9.23396028e-02 -3.48594571e-01]
 [-2.71541281e+01 -2.42505077e+00  1.14756456e+01 -2.13724215e+04
  -5.48698030e-02  2.07140976e-01]
 [ 1.65665253e+01  1.47950488e+00 -7.00120335e+00  1.30391504e+04
   3.34756460e-02 -1.26375121e-01]], shape (6, 6)
	após atualizar B: [[ 6.62527952e-01  1.09654633e-02 -3.89057357e-01 -1.57491502e-02
   6.47737612e-02 -2.00601675e-03]
 [-4.26516169e-02 -3.40154042e-04  2.11110935e-02  1.03105326e-03
  -3.29997608e-03  2.24780185e-04]
 [-5.47329465e-01 -1.39333208e-02  3.52826385e-01  1.45496470e-02
  -5.73826526e-02  3.06718298e-04]
 [-1.27035833e-03 -1.13451753e-04  5.36867980e-04  1.28690153e-04
  -2.56698764e-06  9.69072779e-06]
 [ 6.04964804e-02  1.46559986e-03 -4.16023924e-02 -1.39378416e-03
   7.27113770e-03 -2.21444218e-06]
 [ 4.24091090e-03  1.93871322e-04 -3.11895914e-03 -1.66988443e-04
   4.43976032e-04  2.41372771e-05]]


###############################################
	IT: 5
	B: [[ 6.62527952e-01  1.09654633e-02 -3.89057357e-01 -1.57491502e-02
   6.47737612e-02 -2.00601675e-03]
 [-4.26516169e-02 -3.40154042e-04  2.11110935e-02  1.03105326e-03
  -3.29997608e-03  2.24780185e-04]
 [-5.47329465e-01 -1.39333208e-02  3.52826385e-01  1.45496470e-02
  -5.73826526e-02  3.06718298e-04]
 [-1.27035833e-03 -1.13451753e-04  5.36867980e-04  1.28690153e-04
  -2.56698764e-06  9.69072779e-06]
 [ 6.04964804e-02  1.46559986e-03 -4.16023924e-02 -1.39378416e-03
   7.27113770e-03 -2.21444218e-06]
 [ 4.24091090e-03  1.93871322e-04 -3.11895914e-03 -1.66988443e-04
   4.43976032e-04  2.41372771e-05]]
	shape B: (6, 6)
	shape phi_m: (1, 6)
	shape fgf: (1, 6)
	denm: 17.18633377973093
	mult1: [[ 4.80942250e+01 -3.90419695e+03 -1.09937088e+02  6.91766250e+03
  -5.72137500e+02 -2.65506475e+03]
 [ 2.70118250e+02 -2.19276815e+04 -6.17454875e+02  3.88526250e+04
  -3.21337500e+03 -1.49120075e+04]
 [ 1.15342053e+02 -9.36324667e+03 -2.63656798e+02  1.65902953e+04
  -1.37212969e+03 -6.36751334e+03]
 [ 6.91766250e+01 -5.61562575e+03 -1.58128688e+02  9.95006250e+03
  -8.22937500e+02 -3.81892875e+03]
 [ 2.51740500e+02 -2.04358110e+04 -5.75445750e+02  3.62092500e+04
  -2.99475000e+03 -1.38974550e+04]
 [ 1.32357943e+03 -1.07445639e+05 -3.02552889e+03  1.90377862e+05
  -1.57455375e+04 -7.30688368e+04]]
	mult2: [[ 2.51264930e+00 -2.03972052e+02 -5.74358660e+00  3.61408461e+02
  -2.98909254e+01 -1.38712009e+02]
 [-1.70079823e-01  1.38067538e+01  3.88780158e-01 -2.44635362e+01
   2.02329998e+00  9.38933817e+00]
 [-2.42438722e+00  1.96807105e+02  5.54183106e+00 -3.48713230e+02
   2.88409439e+01  1.33839459e+02]
 [-8.73624967e-03  7.09191994e-01  1.99699204e-02 -1.25658386e+00
   1.03927988e-01  4.82288851e-01]
 [ 2.38002825e-01 -1.93206129e+01 -5.44043227e-01  3.42332830e+01
  -2.83132416e+00 -1.31390601e+01]
 [ 2.87470090e-02 -2.33362706e+00 -6.57118905e-02  4.13484377e+00
  -3.41979560e-01 -1.58699242e+00]]
	mult: [[ 1.06523931e+01  6.52586761e-02 -5.43992691e+00 -2.22110786e-01
   8.85585299e-01 -5.24305826e-02]
 [-7.21054516e-01 -4.41732321e-03  3.68225604e-01  1.50345546e-02
  -5.99447725e-02  3.54899675e-03]
 [-1.02782054e+01 -6.29663281e-02  5.24883806e+00  2.14308679e-01
  -8.54477256e-01  5.05888483e-02]
 [-3.70373873e-02 -2.26898392e-04  1.89141237e-02  7.72258700e-04
  -3.07909833e-03  1.82296296e-04]
 [ 1.00901453e+00  6.18142343e-03 -5.15280016e-01 -2.10387477e-02
   8.38842900e-02 -4.96632250e-03]
 [ 1.21873132e-01  7.46619017e-04 -6.22377456e-02 -2.54115080e-03
   1.01319068e-02 -5.99853879e-04]], shape (6, 6)
	após atualizar B: [[ 4.27102991e-02  7.16833725e-03 -7.25310413e-02 -2.82546386e-03
   1.32453021e-02  1.04469687e-03]
 [-6.96507303e-04 -8.31287065e-05 -3.14395443e-04  1.56256177e-04
   1.87956443e-04  1.82790894e-05]
 [ 5.07157917e-02 -1.02695768e-02  4.74187204e-02  2.07993231e-03
  -7.66423876e-03 -2.63683260e-03]
 [ 8.84690433e-04 -1.00249497e-04 -5.63664800e-04  8.37556883e-05
   1.76592708e-04 -9.16321847e-07]
 [ 1.78619708e-03  1.10592900e-03 -1.16204298e-02 -1.69628510e-04
   2.39026601e-03  2.86754838e-04]
 [-2.85037067e-03  1.50428722e-04  5.02391782e-04 -1.91296364e-05
  -1.45556730e-04  5.90402347e-05]]


###############################################
	IT: 6
	B: [[ 4.27102991e-02  7.16833725e-03 -7.25310413e-02 -2.82546386e-03
   1.32453021e-02  1.04469687e-03]
 [-6.96507303e-04 -8.31287065e-05 -3.14395443e-04  1.56256177e-04
   1.87956443e-04  1.82790894e-05]
 [ 5.07157917e-02 -1.02695768e-02  4.74187204e-02  2.07993231e-03
  -7.66423876e-03 -2.63683260e-03]
 [ 8.84690433e-04 -1.00249497e-04 -5.63664800e-04  8.37556883e-05
   1.76592708e-04 -9.16321847e-07]
 [ 1.78619708e-03  1.10592900e-03 -1.16204298e-02 -1.69628510e-04
   2.39026601e-03  2.86754838e-04]
 [-2.85037067e-03  1.50428722e-04  5.02391782e-04 -1.91296364e-05
  -1.45556730e-04  5.90402347e-05]]
	shape B: (6, 6)
	shape phi_m: (1, 6)
	shape fgf: (1, 6)
	denm: -0.9726579337640526
	mult1: [[ 4.80942250e+01 -4.12292685e+03 -1.57008400e+02  0.00000000e+00
  -1.93694550e+03 -1.64422955e+04]
 [ 3.12283050e+02 -2.67707853e+04 -1.01947920e+03  0.00000000e+00
  -1.25768790e+04 -1.06762302e+05]
 [ 1.17617600e+02 -1.00828896e+04 -3.83974400e+02  0.00000000e+00
  -4.73692800e+03 -4.02107184e+04]
 [ 0.00000000e+00  0.00000000e+00  0.00000000e+00  0.00000000e+00
   0.00000000e+00  0.00000000e+00]
 [ 2.60062500e+02 -2.22941250e+04 -8.49000000e+02  0.00000000e+00
  -1.04737500e+04 -8.89093125e+04]
 [ 1.36376775e+03 -1.16910391e+05 -4.45215600e+03  0.00000000e+00
  -5.49243450e+04 -4.66240435e+05]]
	mult2: [[ 6.31072222e-01 -5.40993146e+01 -2.06019828e+00  0.00000000e+00
  -2.54157854e+01 -2.15748896e+02]
 [-2.26272471e-02  1.93974401e+00  7.38689077e-02  0.00000000e+00
   9.11289131e-01  7.73572886e+00]
 [-7.79810337e-01  6.68500423e+01  2.54576871e+00  0.00000000e+00
   3.14060601e+01  2.66598994e+02]
 [-1.03791278e-02  8.89761394e-01  3.38836991e-02  0.00000000e+00
   4.18008708e-01  3.54838209e+00]
 [ 7.71871375e-02 -6.61694666e+00 -2.51985118e-01  0.00000000e+00
  -3.10863266e+00 -2.63884848e+01]
 [ 1.16434085e-02 -9.98143156e-01 -3.80110697e-02  0.00000000e+00
  -4.68926315e-01 -3.98061022e+00]]
	mult: [[ 5.29715989e-01 -3.03845760e-02  6.04961630e-02 -6.08305709e-03
  -1.53665050e-02 -1.49231739e-02]
 [-1.89930949e-02  1.08944632e-03 -2.16910456e-03  2.18109483e-04
   5.50969754e-04  5.35074010e-04]
 [-6.54565340e-01  3.75459505e-02 -7.47545710e-02  7.51677958e-03
   1.89882537e-02  1.84404334e-02]
 [-8.71214063e-03  4.99729486e-04 -9.94969173e-04  1.00046912e-04
   2.52730058e-04  2.45438674e-04]
 [ 6.47901452e-02 -3.71637090e-03  7.39935223e-03 -7.44025402e-04
  -1.87949413e-03 -1.82526981e-03]
 [ 9.77336576e-03 -5.60601493e-04  1.11616629e-03 -1.12233618e-04
  -2.83515086e-04 -2.75335538e-04]], shape (6, 6)
	após atualizar B: [[ 5.87316960e-01 -2.40703695e-02 -1.03342906e-02 -9.07951975e-03
  -2.55316572e-03 -1.42979775e-02]
 [-2.02235108e-02  1.03694268e-03 -2.54447498e-03  3.80496864e-04
   7.54414327e-04  5.68394388e-04]
 [-6.22249819e-01  2.83318155e-02 -2.94372517e-02  9.80801361e-03
   1.18577875e-02  1.63219737e-02]
 [-8.07235431e-03  4.13527720e-04 -1.58660322e-03  1.86614986e-04
   4.36427178e-04  2.51421798e-04]
 [ 6.83976366e-02 -2.71491157e-03 -4.01307682e-03 -9.34568964e-04
   4.57938039e-04 -1.58982453e-03]
 [ 7.19773095e-03 -4.25931655e-04  1.64993425e-03 -1.34518216e-04
  -4.37041615e-04 -2.24035170e-04]]


###############################################
	IT: 7
	B: [[ 5.87316960e-01 -2.40703695e-02 -1.03342906e-02 -9.07951975e-03
  -2.55316572e-03 -1.42979775e-02]
 [-2.02235108e-02  1.03694268e-03 -2.54447498e-03  3.80496864e-04
   7.54414327e-04  5.68394388e-04]
 [-6.22249819e-01  2.83318155e-02 -2.94372517e-02  9.80801361e-03
   1.18577875e-02  1.63219737e-02]
 [-8.07235431e-03  4.13527720e-04 -1.58660322e-03  1.86614986e-04
   4.36427178e-04  2.51421798e-04]
 [ 6.83976366e-02 -2.71491157e-03 -4.01307682e-03 -9.34568964e-04
   4.57938039e-04 -1.58982453e-03]
 [ 7.19773095e-03 -4.25931655e-04  1.64993425e-03 -1.34518216e-04
  -4.37041615e-04 -2.24035170e-04]]
	shape B: (6, 6)
	shape phi_m: (1, 6)
	shape fgf: (1, 6)
	denm: -35.10218132249011
	mult1: [[-1.71294500e+01 -4.27379778e+03  1.38843034e+02  0.00000000e+00
   8.48670625e+01  2.24152030e+04]
 [-1.27180300e+02 -3.17314849e+04  1.03086198e+03  0.00000000e+00
   6.30108875e+02  1.66425206e+05]
 [-4.28792000e+01 -1.06983604e+04  3.47558050e+02  0.00000000e+00
   2.12443000e+02  5.61107316e+04]
 [ 0.00000000e+00  0.00000000e+00  0.00000000e+00  0.00000000e+00
   0.00000000e+00  0.00000000e+00]
 [-1.00529000e+02 -2.50819855e+04  8.14839437e+02  0.00000000e+00
   4.98066250e+02  1.31549929e+05]
 [-5.49784950e+02 -1.37171345e+05  4.45629082e+03  0.00000000e+00
   2.72388394e+03  7.19435898e+05]]
	mult2: [[ 1.56146646e+00  3.89585882e+02 -1.26564917e+01  0.00000000e+00
  -7.73621288e+00 -2.04329898e+03]
 [-6.46912102e-02 -1.61404569e+01  5.24355652e-01  0.00000000e+00
   3.20509589e-01  8.46534248e+01]
 [-1.84783287e+00 -4.61034300e+02  1.49776392e+01  0.00000000e+00
   9.15500191e+00  2.41803145e+03]
 [-2.83868212e-02 -7.08251188e+00  2.30089839e-01  0.00000000e+00
   1.40641184e-01  3.71463391e+01]
 [ 1.73772443e-01  4.33562246e+01 -1.40851535e+00  0.00000000e+00
  -8.60947479e-01 -2.27394609e+02]
 [ 2.72356038e-02  6.79528314e+00 -2.20758627e-01  0.00000000e+00
  -1.34937531e-01 -3.56398826e+01]]
	mult: [[-1.43224739e+01  8.99120613e-01 -3.97511879e+00  2.92014756e-01
   1.02930848e+00  4.62603747e-01]
 [ 5.93376925e-01 -3.72503682e-02  1.64688293e-01 -1.20981068e-02
  -4.26440226e-02 -1.91655710e-02]
 [ 1.69491556e+01 -1.06401557e+00  4.70413893e+00 -3.45569039e-01
  -1.21807934e+00 -5.47443336e-01]
 [ 2.60376713e-01 -1.63456448e-02  7.22660328e-02 -5.30870875e-03
  -1.87124068e-02 -8.40994679e-03]
 [-1.59391914e+00  1.00061314e-01 -4.42382928e-01  3.24977314e-02
   1.14549658e-01  5.14822351e-02]
 [-2.49817228e-01  1.56827530e-02 -6.93353096e-02  5.09341596e-03
   1.79535319e-02  8.06888440e-03]], shape (6, 6)
	após atualizar B: [[ 1.79294628e-01  1.54401055e-03 -1.23578501e-01 -7.60528021e-04
   2.67700398e-02 -1.11920255e-03]
 [-3.31923584e-03 -2.42554233e-05  2.14720760e-03  3.58428757e-05
  -4.60439595e-04  2.24006573e-05]
 [-1.39397901e-01 -1.98013450e-03  1.04575472e-01 -3.66463573e-05
  -2.28431711e-02  7.26266705e-04]
 [-6.54675312e-04 -5.21312264e-05  4.72130168e-04  3.53791208e-05
  -9.66566974e-05  1.18370632e-05]
 [ 2.29896569e-02  1.35660961e-04 -1.66157958e-02 -8.76520514e-06
   3.72125825e-03 -1.23185335e-04]
 [ 8.08732812e-05  2.08426591e-05 -3.25307942e-04  1.05843321e-05
   7.44232341e-05  5.83329072e-06]]


###############################################
	IT: 8
	B: [[ 1.79294628e-01  1.54401055e-03 -1.23578501e-01 -7.60528021e-04
   2.67700398e-02 -1.11920255e-03]
 [-3.31923584e-03 -2.42554233e-05  2.14720760e-03  3.58428757e-05
  -4.60439595e-04  2.24006573e-05]
 [-1.39397901e-01 -1.98013450e-03  1.04575472e-01 -3.66463573e-05
  -2.28431711e-02  7.26266705e-04]
 [-6.54675312e-04 -5.21312264e-05  4.72130168e-04  3.53791208e-05
  -9.66566974e-05  1.18370632e-05]
 [ 2.29896569e-02  1.35660961e-04 -1.66157958e-02 -8.76520514e-06
   3.72125825e-03 -1.23185335e-04]
 [ 8.08732812e-05  2.08426591e-05 -3.25307942e-04  1.05843321e-05
   7.44232341e-05  5.83329072e-06]]
	shape B: (6, 6)
	shape phi_m: (1, 6)
	shape fgf: (1, 6)
	denm: 3.598895402347755
	mult1: [[-1.66962500e+01 -4.54939420e+03 -1.87854781e+02  0.00000000e+00
  -2.86033125e+02 -5.39288875e+03]
 [-1.38308125e+02 -3.76861979e+04 -1.55614839e+03  0.00000000e+00
  -2.36943656e+03 -4.46735244e+04]
 [-4.11661719e+01 -1.12169585e+04 -4.63173600e+02  0.00000000e+00
  -7.05241523e+02 -1.32966735e+04]
 [ 0.00000000e+00  0.00000000e+00  0.00000000e+00  0.00000000e+00
   0.00000000e+00  0.00000000e+00]
 [-9.73453125e+01 -2.65246507e+04 -1.09526285e+03  0.00000000e+00
  -1.66767891e+03 -3.14425359e+04]
 [-4.56439375e+02 -1.24370601e+05 -5.13554355e+03  0.00000000e+00
  -7.81952719e+03 -1.47429918e+05]]
	mult2: [[-2.14933118e-01 -5.85649759e+01 -2.41828038e+00  0.00000000e+00
  -3.68214367e+00 -6.94233970e+01]
 [ 4.97829050e-03  1.35648459e+00  5.60123185e-02  0.00000000e+00
   8.52859766e-02  1.60798783e+00]
 [ 1.88497949e-01  5.13619211e+01  2.12084995e+00  0.00000000e+00
   3.22926749e+00  6.08848375e+01]
 [ 2.71117791e-03  7.38741757e-01  3.05043188e-02  0.00000000e+00
   4.64467584e-02  8.75710465e-01]
 [-2.46157744e-02 -6.70730622e+00 -2.76959852e-01  0.00000000e+00
  -4.21707083e-01 -7.95089515e+00]
 [-7.48603524e-04 -2.03979488e-01 -8.42277465e-03  0.00000000e+00
  -1.28247604e-02 -2.41798938e-01]]
	mult: [[ 4.02692106e-01  3.93068835e-03 -2.68317132e-01 -2.54957887e-03
   5.75841368e-02 -2.77903754e-03]
 [-9.32717258e-03 -9.10427796e-05  6.21477341e-03  5.90534600e-05
  -1.33376636e-03  6.43681919e-05]
 [-3.53163983e-01 -3.44724303e-03  2.35316127e-01  2.23599970e-03
  -5.05017179e-02  2.43723667e-03]
 [-5.07957989e-03 -4.95819144e-05  3.38456673e-03  3.21605251e-05
  -7.26369400e-04  3.50549290e-05]
 [ 4.61193610e-02  4.50172309e-04 -3.07297175e-02 -2.91997153e-04
   6.59497307e-03 -3.18276504e-04]
 [ 1.40256063e-03  1.36904316e-05 -9.34537927e-04 -8.88008208e-06
   2.00563265e-04 -9.67927752e-06]], shape (6, 6)
	após atualizar B: [[ 6.74013773e-02  4.51817557e-04 -4.90230880e-02 -5.20942978e-05
   1.07695367e-02 -3.47010746e-04]
 [-7.27559355e-04  1.04199977e-06  4.20351799e-04  1.94341021e-05
  -8.98352267e-05  4.51511609e-06]
 [-4.12666850e-02 -1.02227309e-03  3.91898186e-02 -6.57948022e-04
  -8.81061046e-03  4.90487272e-05]
 [ 7.56752174e-04 -3.83542451e-05 -4.68315818e-04  2.64428997e-05
   1.05174509e-04  2.09659419e-06]
 [ 1.01747912e-02  1.05747171e-05 -8.07714326e-03  7.23700100e-05
   1.88875902e-03 -3.47480600e-05]
 [-3.08846473e-04  1.70385942e-05 -6.56343970e-05  1.30517786e-05
   1.86941166e-05  8.52280415e-06]]


###############################################
	IT: 9
	B: [[ 6.74013773e-02  4.51817557e-04 -4.90230880e-02 -5.20942978e-05
   1.07695367e-02 -3.47010746e-04]
 [-7.27559355e-04  1.04199977e-06  4.20351799e-04  1.94341021e-05
  -8.98352267e-05  4.51511609e-06]
 [-4.12666850e-02 -1.02227309e-03  3.91898186e-02 -6.57948022e-04
  -8.81061046e-03  4.90487272e-05]
 [ 7.56752174e-04 -3.83542451e-05 -4.68315818e-04  2.64428997e-05
   1.05174509e-04  2.09659419e-06]
 [ 1.01747912e-02  1.05747171e-05 -8.07714326e-03  7.23700100e-05
   1.88875902e-03 -3.47480600e-05]
 [-3.08846473e-04  1.70385942e-05 -6.56343970e-05  1.30517786e-05
   1.86941166e-05  8.52280415e-06]]
	shape B: (6, 6)
	shape phi_m: (1, 6)
	shape fgf: (1, 6)
	denm: 0.8049975166525773
	mult1: [[   1055.925        -3957.01125       1449.24726563       0.
     2555.1140625    24087.950625  ]
 [   9686.352       -36298.9832       13294.42825          0.
    23438.913       220966.8004    ]
 [   2634.718125     -9873.43728125    3616.12618164       0.
     6375.45785156   60103.66276562]
 [      0.               0.               0.               0.
        0.               0.        ]
 [   6196.6125      -23221.408125      8504.79316406       0.
    14994.48515625  141358.2365625 ]
 [  29917.875      -112115.31875      41062.00585938       0.
    72394.8984375   682491.934375  ]]
	mult2: [[ 2.73806650e+00 -1.02607287e+01  3.75797086e+00  0.00000000e+00
   6.62553894e+00  6.24612643e+01]
 [-7.22378426e-02  2.70706685e-01 -9.91457688e-02  0.00000000e+00
  -1.74800225e-01 -1.64790263e+00]
 [-3.35100110e+00  1.25576618e+01 -4.59921791e+00  0.00000000e+00
  -8.10871039e+00 -7.64436385e+01]
 [-9.18680342e-02  3.44269569e-01 -1.26088025e-01  0.00000000e+00
  -2.22301116e-01 -2.09571009e+00]
 [ 2.29570746e-01 -8.60301656e-01  3.15083719e-01  0.00000000e+00
   5.55512411e-01  5.23700907e+00]
 [ 3.68193596e-02 -1.37978190e-01  5.05342294e-02  0.00000000e+00
   8.90950242e-02  8.39929839e-01]]
	mult: [[ 8.50582766e-02 -1.48094232e-03 -4.88824288e-02 -1.51987428e-03
   1.09811698e-02 -5.10022693e-04]
 [-2.24407494e-03  3.90713952e-05  1.28965502e-03  4.00985290e-05
  -2.89713935e-04  1.34558233e-05]
 [-1.04099144e-01  1.81246122e-03  5.98250892e-02  1.86010836e-03
  -1.34393786e-02  6.24194703e-04]
 [-2.85388857e-03  4.96888077e-05  1.64011088e-03  5.09950589e-05
  -3.68441924e-04  1.71123610e-05]
 [ 7.13163544e-03 -1.24168289e-04 -4.09850370e-03 -1.27432505e-04
   9.20706404e-04 -4.27623984e-05]
 [ 1.14379665e-03 -1.99145447e-05 -6.57332364e-04 -2.04380710e-05
   1.47666115e-04 -6.85838308e-06]], shape (6, 6)
	após atualizar B: [[-3.82614041e-02  2.29150313e-03  1.17006133e-02  1.83595411e-03
  -2.87171011e-03  2.86559771e-04]
 [ 2.06011997e-03 -4.74940446e-05 -1.18170907e-03 -3.03778889e-05
   2.70058971e-04 -1.22002439e-05]
 [ 8.80494207e-02 -3.27378465e-03 -3.51272917e-02 -2.96864876e-03
   7.88432126e-03 -7.26350811e-04]
 [ 4.30196630e-03 -1.00079663e-04 -2.50572692e-03 -3.69051950e-05
   5.62867752e-04 -1.91610626e-05]
 [ 1.31558944e-03  1.64821515e-04 -2.98581861e-03  2.30671747e-04
   7.45020827e-04  1.83730957e-05]
 [-1.72971625e-03  4.17772355e-05  7.50930065e-04  3.84407651e-05
  -1.64742617e-04  1.70425610e-05]]


###############################################
	IT: 10
	B: [[-3.82614041e-02  2.29150313e-03  1.17006133e-02  1.83595411e-03
  -2.87171011e-03  2.86559771e-04]
 [ 2.06011997e-03 -4.74940446e-05 -1.18170907e-03 -3.03778889e-05
   2.70058971e-04 -1.22002439e-05]
 [ 8.80494207e-02 -3.27378465e-03 -3.51272917e-02 -2.96864876e-03
   7.88432126e-03 -7.26350811e-04]
 [ 4.30196630e-03 -1.00079663e-04 -2.50572692e-03 -3.69051950e-05
   5.62867752e-04 -1.91610626e-05]
 [ 1.31558944e-03  1.64821515e-04 -2.98581861e-03  2.30671747e-04
   7.45020827e-04  1.83730957e-05]
 [-1.72971625e-03  4.17772355e-05  7.50930065e-04  3.84407651e-05
  -1.64742617e-04  1.70425610e-05]]
	shape B: (6, 6)
	shape phi_m: (1, 6)
	shape fgf: (1, 6)
	denm: 2.525578833222337
	mult1: [[-2.35552500e+02 -5.75668650e+03 -3.74899688e+02 -3.21651000e+02
  -1.58566875e+03 -1.46860215e+04]
 [-2.96010975e+03 -7.23423604e+04 -4.71123941e+03 -4.04208090e+03
  -1.99265706e+04 -1.84554337e+05]
 [-6.57196641e+02 -1.60612816e+04 -1.04597835e+03 -8.97413344e+02
  -4.42405059e+03 -4.09743220e+04]
 [ 0.00000000e+00  0.00000000e+00  0.00000000e+00  0.00000000e+00
   0.00000000e+00  0.00000000e+00]
 [-1.59566156e+03 -3.89965013e+04 -2.53961652e+03 -2.17890337e+03
  -1.07415148e+04 -9.94849132e+04]
 [-7.01553863e+03 -1.71453313e+05 -1.11657624e+04 -9.57983895e+03
  -4.72265009e+04 -4.37398674e+05]]
	mult2: [[-2.88822881e+00 -7.05856563e+01 -4.59683543e+00 -3.94392624e+00
  -1.94426897e+01 -1.80072767e+02]
 [ 8.66049668e-02  2.11654575e+00  1.37838380e-01  1.18260575e-01
   5.82998650e-01  5.39957082e+00]
 [ 4.55107257e+00  1.11224029e+02  7.24337753e+00  6.21456807e+00
   3.06364550e+01  2.83746297e+02]
 [ 1.65941920e-01  4.05546794e+00  2.64109165e-01  2.26596553e-01
   1.11707121e+00  1.03460019e+01]
 [-1.53208455e-01 -3.74427375e+00 -2.43842888e-01 -2.09208787e-01
  -1.03135335e+00 -9.55210690e+00]
 [-6.64242136e-02 -1.62334670e+00 -1.05719179e-01 -9.07034089e-02
  -4.47147875e-01 -4.14135885e+00]]
	mult: [[-1.70726371e-01  1.45025310e-03  1.43804733e-01 -7.73485267e-04
  -3.40505200e-02  2.18734993e-05]
 [ 5.11931452e-03 -4.34865552e-05 -4.31205592e-03  2.31933376e-05
   1.02102165e-03 -6.55887675e-07]
 [ 2.69018889e-01 -2.28520922e-03 -2.26597621e-01  1.21880495e-03
   5.36544706e-02 -3.44667577e-05]
 [ 9.80900879e-03 -8.33236561e-05 -8.26223789e-03  4.44402569e-05
   1.95635770e-03 -1.25673231e-06]
 [-9.05631970e-03  7.69298595e-05  7.62823945e-03 -4.10301574e-05
  -1.80623763e-03  1.16029762e-06]
 [-3.92640808e-03  3.33532861e-05  3.30725747e-03 -1.77888090e-05
  -7.83102435e-04  5.03052246e-07]], shape (6, 6)
	após atualizar B: [[ 2.93375038e-02  1.71727710e-03 -4.52387034e-02  2.14221470e-03
   1.06105537e-02  2.77898984e-04]
 [ 3.31333476e-05 -3.02755937e-05  5.25644455e-04 -3.95612639e-05
  -1.34213365e-04 -1.19405460e-05]
 [-1.84682952e-02 -2.36895872e-03  5.45937726e-02 -3.45123317e-03
  -1.33601039e-02 -7.12703739e-04]
 [ 4.18100683e-04 -6.70877578e-05  7.65696560e-04 -5.45012630e-05
  -2.11749803e-04 -1.86634609e-05]
 [ 4.90142869e-03  1.34361227e-04 -6.00621114e-03  2.46917590e-04
   1.46019851e-03  1.79136772e-05]
 [-1.75059545e-04  2.85710406e-05 -5.58574682e-04  4.54842233e-05
   1.45325881e-04  1.68433780e-05]]


###############################################
	IT: 11
	B: [[ 2.93375038e-02  1.71727710e-03 -4.52387034e-02  2.14221470e-03
   1.06105537e-02  2.77898984e-04]
 [ 3.31333476e-05 -3.02755937e-05  5.25644455e-04 -3.95612639e-05
  -1.34213365e-04 -1.19405460e-05]
 [-1.84682952e-02 -2.36895872e-03  5.45937726e-02 -3.45123317e-03
  -1.33601039e-02 -7.12703739e-04]
 [ 4.18100683e-04 -6.70877578e-05  7.65696560e-04 -5.45012630e-05
  -2.11749803e-04 -1.86634609e-05]
 [ 4.90142869e-03  1.34361227e-04 -6.00621114e-03  2.46917590e-04
   1.46019851e-03  1.79136772e-05]
 [-1.75059545e-04  2.85710406e-05 -5.58574682e-04  4.54842233e-05
   1.45325881e-04  1.68433780e-05]]
	shape B: (6, 6)
	shape phi_m: (1, 6)
	shape fgf: (1, 6)
	denm: 0.2781147154644885
	mult1: [[ 3.81306250e+01 -6.63355550e+03  3.78392422e+02  3.51975000e+02
   1.16753813e+03  1.06278851e+04]
 [ 5.09777125e+02 -8.86855343e+04  5.05881561e+03  4.70563500e+03
   1.56090866e+04  1.42086649e+05]
 [ 1.03296172e+02 -1.79703556e+04  1.02506813e+03  9.53503125e+02
   3.16287023e+03  2.87910269e+04]
 [ 3.51975000e+00 -6.12328200e+02  3.49285313e+01  3.24900000e+01
   1.07772750e+02  9.81035550e+02]
 [ 2.58192188e+02 -4.49174962e+04  2.56219160e+03  2.38331250e+03
   7.90569844e+03  7.19641209e+04]
 [ 1.21959338e+03 -2.12171721e+05  1.21027361e+04  1.12577850e+04
   3.73432579e+04  3.39928818e+05]]
	mult2: [[ 4.07126937e-01 -7.08275600e+01  4.04015795e+00  3.75809480e+00
   1.24659960e+01  1.13475673e+02]
 [-9.22804862e-03  1.60539652e+00 -9.15753063e-02 -8.51819872e-02
  -2.82557618e-01 -2.57207010e+00]
 [-6.03351583e-01  1.04964611e+02 -5.98740951e+00 -5.56939923e+00
  -1.84742835e+01 -1.68168010e+02]
 [-1.67896494e-02  2.92088239e+00 -1.66613479e-01 -1.54981379e-01
  -5.14089548e-01 -4.67966274e+00]
 [ 3.46985394e-02 -6.03647821e+00  3.44333836e-01  3.20294210e-01
   1.06244961e+00  9.67128367e+00]
 [ 8.41527931e-03 -1.46399967e+00  8.35097226e-02  7.76795013e-02
   2.57671083e-01  2.34553254e+00]]
	mult: [[-2.22100425e-02 -2.06252880e-03  2.95389734e-02 -2.23474038e-03
  -6.25307752e-03  1.43910647e-04]
 [ 5.03418796e-04  4.67498323e-05 -6.69538314e-04  5.06532264e-05
   1.41733936e-04 -3.26191742e-06]
 [ 3.29147082e-02  3.05661429e-03 -4.37759941e-02  3.31182741e-03
   9.26689905e-03 -2.13271854e-04]
 [ 9.15927672e-04  8.50573426e-05 -1.21816800e-03  9.21592361e-05
   2.57872839e-04 -5.93478124e-06]
 [-1.89291340e-03 -1.75784823e-04  2.51754217e-03 -1.90462041e-04
  -5.32936136e-04  1.22651901e-05]
 [-4.59079699e-04 -4.26322955e-05  6.10568080e-04 -4.61918944e-05
  -1.29250583e-04  2.97462089e-06]], shape (6, 6)
	após atualizar B: [[ 1.09196790e-01  9.13338521e-03 -1.51450176e-01  1.01775334e-02
   3.30943604e-02 -2.39551690e-04]
 [-1.77697870e-03 -1.98371094e-04  2.93306225e-03 -2.21691959e-04
  -6.43837374e-04 -2.11869874e-07]
 [-1.36817690e-01 -1.33594390e-02  2.11996426e-01 -1.53593676e-02
  -4.66805236e-02  5.41447682e-05]
 [-2.87524419e-03 -3.72923220e-04  5.14578843e-03 -3.85872568e-04
  -1.13896733e-03  2.67586744e-06]
 [ 1.17076611e-02  7.66419919e-04 -1.50583829e-02  9.31750251e-04
   3.37644425e-03 -2.61875134e-05]
 [ 1.47562513e-03  1.81861367e-04 -2.75395682e-03  2.11573581e-04
   6.10064263e-04  6.14771640e-06]]


###############################################
	IT: 12
	B: [[ 1.09196790e-01  9.13338521e-03 -1.51450176e-01  1.01775334e-02
   3.30943604e-02 -2.39551690e-04]
 [-1.77697870e-03 -1.98371094e-04  2.93306225e-03 -2.21691959e-04
  -6.43837374e-04 -2.11869874e-07]
 [-1.36817690e-01 -1.33594390e-02  2.11996426e-01 -1.53593676e-02
  -4.66805236e-02  5.41447682e-05]
 [-2.87524419e-03 -3.72923220e-04  5.14578843e-03 -3.85872568e-04
  -1.13896733e-03  2.67586744e-06]
 [ 1.17076611e-02  7.66419919e-04 -1.50583829e-02  9.31750251e-04
   3.37644425e-03 -2.61875134e-05]
 [ 1.47562513e-03  1.81861367e-04 -2.75395682e-03  2.11573581e-04
   6.10064263e-04  6.14771640e-06]]
	shape B: (6, 6)
	shape phi_m: (1, 6)
	shape fgf: (1, 6)
	denm: 3.401982036241159
	mult1: [[ 3.81306250e+01 -1.33457188e+03  1.13890156e+02  0.00000000e+00
   1.05137094e+03  2.51838112e+03]
 [ 5.81932000e+02 -2.03676200e+04  1.73813900e+03  0.00000000e+00
   1.60455380e+04  3.84343704e+04]
 [ 1.00517422e+02 -3.51810977e+03  3.00229668e+02  0.00000000e+00
   2.77155426e+03  6.63878911e+03]
 [ 0.00000000e+00  0.00000000e+00  0.00000000e+00  0.00000000e+00
   0.00000000e+00  0.00000000e+00]
 [ 2.49006875e+02 -8.71524063e+03  7.43744219e+02  0.00000000e+00
   6.86583531e+03  1.64459464e+04]
 [ 1.12456012e+03 -3.93596044e+04  3.35888353e+03  0.00000000e+00
   3.10073552e+04  7.42728710e+04]]
	mult2: [[ 2.22670272e+00 -7.79345953e+01  6.65080945e+00  0.00000000e+00
   6.13965947e+01  1.47065151e+02]
 [-4.89301334e-02  1.71255467e+00 -1.46146583e-01  0.00000000e+00
  -1.34914443e+00 -3.23164712e+00]
 [-3.24477717e+00  1.13567201e+02 -9.69163707e+00  0.00000000e+00
  -8.94678337e+01 -2.14305052e+02]
